pahfit/packs/att_profile/kvt_Smith2007.ecsv
# %ECSV 1.0
# ---
# datatype:
# - {name: lam, unit: micron, datatype: float64, format: 7.4f}
# - {name: optical_depth, datatype: float64, format: 7.4f}
# meta:
#   __serialized_columns__:
#     lam:
#       __class__: astropy.units.quantity.Quantity
#       __info__: {format: 7.4f}
#       unit: !astropy.units.Unit {unit: micron}
#       value: !astropy.table.SerializedColumn {name: lam}
#   name: KVT extinction profile from PAHFIT (Smith et al. 2007)
# schema: astropy-2.0
lam optical_depth
2.5 1.0023378773108873
2.6381909547738696 0.914727351221248
2.7763819095477387 0.8386827977034249
2.914572864321608 0.7722096376248566
3.0527638190954773 0.713730734189384
3.190954773869347 0.6619849712636203
3.329145728643216 0.6159536111412968
3.467336683417085 0.5748060321365704
3.6055276381909547 0.537859207581989
3.7437185929648242 0.5045470739826675
3.8819095477386933 0.47439711368847237
4.0201005025125625 0.4470122674692729
4.158291457286432 0.42205683095086693
4.296482412060302 0.39924536152203105
4.43467336683417 0.37833388377662375
4.57286432160804 0.3591128674121869
4.711055276381909 0.3414015853022632
4.849246231155779 0.3250435569855972
4.9874371859296485 0.3099028548246667
5.125628140703517 0.2958611040102031
5.263819095477387 0.28281504864648926
5.402010050251256 0.27067458807853395
5.540201005025125 0.2593612131531605
5.6783919597989945 0.2488067933130862
5.816582914572864 0.2389526839473219
5.954773869346734 0.22974914064590488
6.092964824120603 0.22115504419229934
6.231155778894472 0.21313795852450024
6.369346733668341 0.20567456485665567
6.507537688442211 0.19875154023785396
6.64572864321608 0.1923669799304534
6.783919597989949 0.18653250250053285
6.922110552763819 0.1812762274865818
7.060301507537688 0.1766468819252828
7.198492462311558 0.17271937907212445
7.3366834170854265 0.1696023272092549
7.474874371859296 0.16744807751746982
7.613065326633166 0.16646611953674526
7.751256281407034 0.1669408965272141
7.889447236180904 0.16925546193969962
8.027638190954773 0.19567829694574476
8.165829145728644 0.21038898922216365
8.304020100502512 0.24399952278455445
8.442211055276381 0.2924741605571117
8.58040201005025 0.3605405269433324
8.71859296482412 0.442095314969801
8.856783919597989 0.531103719482095
8.99497487437186 0.627569228681086
9.133165829145728 0.7361428687143377
9.271356783919597 0.8324409961357324
9.409547738693467 0.9144560597639819
9.547738693467336 0.964736210829805
9.685929648241206 0.9899807458918153
9.824120603015075 0.9834345479598038
9.962311557788944 0.9500450933210629
10.100502512562812 0.889604385575923
10.238693467336683 0.8234210427456791
10.376884422110553 0.768507461839403
10.515075376884422 0.7110772868005728
10.65326633165829 0.6567916218584442
10.79145728643216 0.6083042413749371
10.92964824120603 0.571548007094931
11.067839195979898 0.5234094775931613
11.206030150753769 0.46307186055406613
11.344221105527637 0.4117097248650242
11.482412060301506 0.3603997940369291
11.620603015075377 0.31006691634514094
11.758793969849245 0.2650732518160218
11.896984924623116 0.22012529910647255
12.035175879396984 0.1799698677427527
12.173366834170853 0.15376341777377447
12.311557788944723 0.1326172793517459
12.449748743718592 0.11606623963219087
12.58793969849246 0.10552205474143476
12.726130653266331 0.10214729337255003
12.8643216080402 0.10335224081874078
13.002512562814069 0.104760524057182
13.140703517587939 0.10638582691919049
13.278894472361808 0.10824335453562758
13.417085427135678 0.11034996699379249
13.555276381909547 0.11272432005906226
13.693467336683415 0.11538701051355155
13.831658291457286 0.11836072228251907
13.969849246231155 0.12167036762537302
14.108040201005025 0.12534321510252433
14.246231155778894 0.12940899259317265
14.384422110552762 0.13389994909052538
14.522613065326633 0.13885085305592249
14.660804020100501 0.14429889745577906
14.79899497487437 0.15028347191367375
14.93718592964824 0.15684575041252086
15.07537688442211 0.16402802855729096
15.213567839195978 0.17187272775718726
15.351758793969848 0.18042096560041831
15.489949748743717 0.18971057396707364
15.628140703517587 0.19977343241517925
15.766331658291456 0.2106319797288518
15.904522613065325 0.22229477995845265
16.042713567839193 0.2347510632189122
16.180904522613062 0.24796425196115357
16.319095477386934 0.2618646383827638
16.457286432160803 0.2763416136168328
16.59547738693467 0.291236168780802
16.733668341708544 0.3063347718892748
16.871859296482413 0.32136611221274786
17.01005025125628 0.3360024801216364
17.14824120603015 0.34986754948385185
17.28643216080402 0.36255186741142664
17.424623115577887 0.3736363070576415
17.562814070351756 0.38272214238132485
17.701005025125625 0.38946455210741643
17.839195979899497 0.39360479568738105
17.977386934673365 0.3949956617972797
18.115577889447234 0.3936155131031143
18.253768844221106 0.38956831747449655
18.391959798994975 0.38306990005350405
18.530150753768844 0.37442337447170476
18.668341708542712 0.3639884846557281
18.80653266331658 0.3521500027842763
18.94472361809045 0.33928950820820347
19.08291457286432 0.32576331694658245
19.22110552763819 0.3118876352110266
19.35929648241206 0.29793062285779476
19.497487437185928 0.28411018109707403
19.635678391959797 0.27059591753895884
19.773869346733665 0.25751376266358367
19.912060301507537 0.24495195410704415
20.050251256281406 0.23296743183795
20.188442211055275 0.22159200729402262
20.326633165829143 0.21083793590131128
20.464824120603012 0.20070272022657637
20.603015075376884 0.19117310418790495
20.741206030150753 0.18222829952139538
20.87939698492462 0.17384252817599308
21.01758793969849 0.1659869810938714
21.15577889447236 0.15863129480609608
21.29396984924623 0.1517446394974808
21.4321608040201 0.14529650036193276
21.57035175879397 0.13925722107801075
21.708542713567837 0.13359836572738365
21.846733668341706 0.12829294427704416
21.984924623115575 0.12331553716280994
22.123115577889447 0.11864234656854106
22.261306532663315 0.11425119556261797
22.399497487437184 0.11012149113477035
22.537688442211053 0.10623416316047671
22.67587939698492 0.1025715882054845
22.814070351758794 0.09911750469101996
22.952261306532662 0.09585692411940773
23.09045226130653 0.09277604168515796
23.2286432160804 0.08986214856724972
23.36683417085427 0.08710354743417263
23.505025125628137 0.08448947213133313
23.64321608040201 0.08201001211171084
23.781407035175878 0.07965604187734908
23.919597989949747 0.07741915549236891
24.057788944723615 0.07529160608558393
24.195979899497484 0.07326625016564145
24.334170854271356 0.07133649651123349
24.472361809045225 0.06949625936374254
24.610552763819094 0.06773991563255083
24.748743718592962 0.06606226581881407
24.88693467336683 0.06445849836782003
25.025125628140703 0.06292415717020824
25.16331658291457 0.06145511194618708
25.30150753768844 0.06004753126290942
25.43969849246231 0.05869785795225453
25.577889447236178 0.057402786713636474
25.71608040201005 0.05615924370358538
25.85427135678392 0.054964367930373154
25.992462311557787 0.053815494287650235
26.130653266331656 0.052710138075800266
26.268844221105525 0.051645980873430586
26.407035175879393 0.050620857634092284
26.545226130653266 0.04963274489496938
26.683417085427134 0.04867974999493592
26.821608040201003 0.04776010120909805
26.95979899497487 0.046872138715779096
27.09798994974874 0.04601430631992362
27.236180904522612 0.0451851438641635
27.37437185929648 0.04438328026536044
27.51256281407035 0.043607427120377094
27.65075376884422 0.04285637283019278
27.788944723618087 0.04212897719631667
27.927135678391956 0.041424166447817184
28.065326633165828 0.04074092866122182
28.203517587939697 0.040078309539091445
28.341708542713565 0.03943540851627267
28.479899497487434 0.03881137516571978
28.618090452261303 0.03820540587837941
28.756281407035175 0.037616740793981224
28.894472361809044 0.037044660961697715
29.032663316582912 0.03648848571154946
29.17085427135678 0.03594757021916209
29.30904522613065 0.035421303248042955
29.44723618090452 0.034909105054957666
29.58542713567839 0.0344104254452654
29.72361809045226 0.03392474196622704
29.861809045226128 0.033451558227348535
30.0 0.03299040233777048
