pahfit/data/1C_snr_gt20.ecsv
# %ECSV 0.9
# ---
# datatype:
# - {name: wavelength, unit: micron, datatype: float64}
# - {name: flux, unit: Jy, datatype: float64}
# - {name: sigma, unit: Jy, datatype: float64}
wavelength flux sigma
[from data line 501]
  12.62  1.45    0.14500001    
  12.64  1.472   0.1472        
  12.66  1.495   0.1495        
  12.68  1.529   0.15290001    
  12.7   1.595   0.1595        
  12.72  1.714   0.1714        
  12.74  1.901   0.1901        
  12.76  2.143   0.21429999    
  12.78  2.387   0.2387        
  12.8   2.553   0.2553        
  12.82  2.565   0.2565        
  12.84  2.399   0.2399        
  12.86  2.091   0.20910001    
  12.88  1.729   0.17289999    
  12.9   1.406   0.1406        
  12.92  1.183   0.1183        
  12.94  1.064   0.1064        
  12.96  1.017   0.10169999    
  12.98  1.0     0.1           
  13.0   0.989   0.098900005   
  13.02  0.978   0.0978        
  13.04  0.968   0.0968        
  13.06  0.963   0.0963        
  13.08  0.961   0.0961        
  13.1   0.96    0.096         
  13.12  0.96    0.096         
  13.14  0.961   0.0961        
  13.16  0.962   0.096200004   
  13.18  0.962   0.096200004   
  13.2   0.963   0.0963        
  13.22  0.963   0.0963        
  13.24  0.963   0.0963        
  13.26  0.963   0.0963        
  13.28  0.964   0.0964        
  13.3   0.964   0.0964        
  13.32  0.964   0.0964        
  13.34  0.964   0.0964        
  13.36  0.965   0.096499994   
  13.38  0.966   0.0966        
  13.4   0.967   0.0967        
  13.42  0.969   0.0969        
  13.44  0.972   0.0972        
  13.46  0.976   0.0976        
  13.48  0.981   0.0981        
  13.5   0.987   0.0987        
  13.52  0.991   0.0991        
  13.54  0.995   0.0995        
  13.56  0.996   0.0996        
  13.58  0.993   0.0993        
  13.6   0.988   0.098799996   
  13.62  0.982   0.0982        
  13.64  0.975   0.097500004   
  13.66  0.969   0.0969        
  13.68  0.963   0.0963        
  13.7   0.958   0.0958        
  13.72  0.954   0.0954        
  13.74  0.951   0.0951        
  13.76  0.948   0.0948        
  13.78  0.945   0.0945        
  13.8   0.943   0.0943        
  13.82  0.943   0.0943        
  13.84  0.945   0.0945        
  13.86  0.947   0.0947        
  13.88  0.95    0.095         
  13.9   0.953   0.095300004   
  13.92  0.957   0.0957        
  13.94  0.961   0.0961        
  13.96  0.965   0.096499994   
  13.98  0.969   0.0969        
  14.0   0.972   0.0972        
  14.02  0.976   0.0976        
  14.04  0.98    0.098000005   
  14.06  0.985   0.0985        
  14.08  0.991   0.0991        
  14.1   0.999   0.0999        
  14.12  1.008   0.1008        
  14.14  1.018   0.1018        
  14.16  1.029   0.102900006   
  14.18  1.038   0.1038        
  14.2   1.047   0.10470001    
  14.22  1.053   0.105299994   
  14.24  1.058   0.105799995   
  14.26  1.06    0.10599999    
  14.28  1.06    0.10599999    
  14.3   1.058   0.105799995   
  14.32  1.054   0.1054        
  14.34  1.049   0.1049        
  14.36  1.043   0.1043        
  14.38  1.035   0.10349999    
  14.4   1.028   0.1028        
  14.42  1.02    0.102         
  14.44  1.013   0.1013        
  14.46  1.006   0.100600004   
  14.48  1.001   0.1001        
  14.5   0.997   0.0997        
  14.52  0.995   0.0995        
  14.54  0.993   0.0993        
  14.56  0.992   0.099199995   
  14.58  0.992   0.099199995   
  14.6   0.992   0.099199995   
  14.62  0.993   0.0993        
  14.64  0.994   0.0994        
  14.66  0.995   0.0995        
  14.68  0.996   0.0996        
  14.7   0.997   0.0997        
  14.72  0.998   0.099800006   
  14.74  0.998   0.099800006   
  14.76  0.999   0.0999        
  14.78  1.001   0.1001        
  14.8   1.002   0.1002        
  14.82  1.004   0.10039999    
  14.84  1.006   0.100600004   
  14.86  1.008   0.1008        
  14.88  1.01    0.100999996   
  14.9   1.012   0.1012        
  14.92  1.015   0.1015        
  14.94  1.017   0.10169999    
  14.96  1.019   0.101900004   
  14.98  1.021   0.1021        
  15.0   1.022   0.102199994   
  15.02  1.024   0.102400005   
  15.04  1.025   0.1025        
  15.06  1.027   0.102699995   
  15.08  1.028   0.1028        
  15.1   1.03    0.103         
  15.12  1.032   0.103199996   
  15.14  1.034   0.10340001    
  15.16  1.036   0.1036        
  15.18  1.04    0.103999995   
  15.2   1.044   0.1044        
  15.22  1.048   0.1048        
  15.24  1.053   0.105299994   
  15.26  1.057   0.1057        
  15.28  1.061   0.1061        
  15.3   1.065   0.10650001    
  15.32  1.069   0.1069        
  15.34  1.073   0.1073        
  15.36  1.079   0.1079        
  15.38  1.087   0.1087        
  15.4   1.098   0.1098        
  15.42  1.113   0.11130001    
  15.44  1.137   0.113699995   
  15.46  1.171   0.1171        
  15.48  1.217   0.121700004   
  15.5   1.273   0.1273        
  15.52  1.33    0.133         
  15.54  1.379   0.1379        
  15.56  1.409   0.1409        
  15.58  1.413   0.1413        
  15.6   1.393   0.1393        
  15.62  1.353   0.13530001    
  15.64  1.306   0.1306        
  15.66  1.261   0.1261        
  15.68  1.225   0.1225        
  15.7   1.202   0.1202        
  15.72  1.192   0.119200006   
  15.74  1.192   0.119200006   
  15.76  1.197   0.1197        
  15.78  1.205   0.120500006   
  15.8   1.214   0.1214        
  15.82  1.221   0.122099996   
  15.84  1.228   0.12280001    
  15.86  1.234   0.123399995   
  15.88  1.24    0.124         
  15.9   1.245   0.1245        
  15.92  1.251   0.1251        
  15.94  1.256   0.12560001    
  15.96  1.261   0.1261        
  15.98  1.265   0.1265        
  16.0   1.269   0.1269        
  16.02  1.272   0.12719999    
  16.04  1.274   0.12740001    
  16.06  1.277   0.1277        
  16.08  1.28    0.12799999    
  16.1   1.285   0.1285        
  16.12  1.291   0.1291        
  16.14  1.299   0.12990001    
  16.16  1.309   0.1309        
  16.18  1.321   0.1321        
  16.2   1.335   0.13350001    
  16.22  1.352   0.1352        
  16.24  1.373   0.1373        
  16.26  1.4     0.14          
  16.28  1.431   0.1431        
  16.3   1.468   0.14680001    
  16.32  1.51    0.151         
  16.34  1.554   0.15540001    
  16.36  1.6     0.16          
  16.38  1.646   0.1646        
  16.4   1.688   0.1688        
  16.42  1.723   0.17230001    
  16.44  1.749   0.1749        
  16.46  1.762   0.1762        
  16.48  1.762   0.1762        
  16.5   1.751   0.1751        
  16.52  1.732   0.1732        
  16.54  1.709   0.1709        
  16.56  1.688   0.1688        
  16.58  1.67    0.167         
  16.6   1.659   0.1659        
  16.62  1.654   0.1654        
  16.64  1.656   0.1656        
  16.66  1.662   0.1662        
  16.68  1.671   0.1671        
  16.7   1.681   0.1681        
  16.72  1.691   0.1691        
  16.74  1.699   0.1699        
  16.76  1.705   0.17050001    
  16.78  1.711   0.17109999    
  16.8   1.715   0.1715        
  16.82  1.719   0.1719        
  16.84  1.722   0.1722        
  16.86  1.728   0.1728        
  16.88  1.739   0.1739        
  16.9   1.759   0.1759        
  16.92  1.792   0.17920001    
  16.94  1.838   0.18380001    
  16.96  1.895   0.1895        
  16.98  1.956   0.1956        
  17.0   2.013   0.2013        
  17.02  2.055   0.2055        
  17.04  2.075   0.20750001    
  17.06  2.072   0.2072        
  17.08  2.046   0.2046        
  17.1   2.006   0.2006        
  17.12  1.96    0.19600001    
  17.14  1.918   0.1918        
  17.16  1.886   0.1886        
  17.18  1.865   0.1865        
  17.2   1.855   0.1855        
  17.22  1.854   0.1854        
  17.24  1.857   0.1857        
  17.26  1.863   0.18630001    
  17.28  1.872   0.1872        
  17.3   1.881   0.18810001    
  17.32  1.89    0.189         
  17.34  1.898   0.1898        
  17.36  1.901   0.1901        
  17.38  1.9     0.19          
  17.4   1.893   0.1893        
  17.42  1.88    0.188         
  17.44  1.862   0.1862        
  17.46  1.841   0.1841        
  17.48  1.818   0.1818        
  17.5   1.795   0.1795        
  17.52  1.775   0.1775        
  17.54  1.757   0.1757        
  17.56  1.743   0.1743        
  17.58  1.734   0.1734        
  17.6   1.728   0.1728        
  17.62  1.725   0.1725        
  17.64  1.725   0.1725        
  17.66  1.727   0.1727        
  17.68  1.729   0.17289999    
  17.7   1.732   0.1732        
  17.72  1.736   0.17359999    
  17.74  1.739   0.1739        
  17.76  1.742   0.1742        
  17.78  1.745   0.1745        
  17.8   1.748   0.17480001    
  17.82  1.752   0.1752        
  17.84  1.756   0.1756        
  17.86  1.759   0.1759        
  17.88  1.761   0.1761        
  17.9   1.76    0.176         
  17.92  1.756   0.1756        
  17.94  1.75    0.175         
  17.96  1.741   0.17410001    
  17.98  1.732   0.1732        
  18.0   1.723   0.17230001    
  18.02  1.717   0.1717        
  18.04  1.712   0.1712        
  18.06  1.71    0.171         
  18.08  1.71    0.171         
  18.1   1.711   0.17109999    
  18.12  1.713   0.17130001    
  18.14  1.716   0.1716        
  18.16  1.72    0.172         
  18.18  1.723   0.17230001    
  18.2   1.727   0.1727        
  18.22  1.731   0.1731        
  18.24  1.734   0.1734        
  18.26  1.738   0.1738        
  18.28  1.741   0.17410001    
  18.3   1.745   0.1745        
  18.32  1.749   0.1749        
  18.34  1.754   0.17539999    
  18.36  1.758   0.1758        
  18.38  1.762   0.1762        
  18.4   1.766   0.17660001    
  18.42  1.771   0.1771        
  18.44  1.776   0.1776        
  18.46  1.783   0.1783        
  18.48  1.791   0.1791        
  18.5   1.801   0.1801        
  18.52  1.813   0.1813        
  18.54  1.831   0.1831        
  18.56  1.858   0.1858        
  18.58  1.9     0.19          
  18.6   1.961   0.1961        
  18.62  2.046   0.2046        
  18.64  2.154   0.21540001    
  18.66  2.279   0.2279        
  18.68  2.406   0.24059999    
  18.7   2.511   0.2511        
  18.72  2.572   0.2572        
  18.74  2.573   0.2573        
  18.76  2.512   0.25120002    
  18.78  2.404   0.2404        
  18.8   2.275   0.2275        
  18.82  2.152   0.21519999    
  18.84  2.054   0.20539999    
  18.86  1.99    0.199         
  18.88  1.955   0.1955        
  18.9   1.943   0.1943        
  18.92  1.944   0.1944        
  18.94  1.951   0.1951        
  18.96  1.958   0.19579999    
  18.98  1.965   0.1965        
  19.0   1.969   0.1969        
  19.02  1.973   0.1973        
  19.04  1.976   0.19759999    
  19.06  1.98    0.198         
  19.08  1.984   0.19839999    
  19.1   1.987   0.1987        
  19.12  1.99    0.199         
  19.14  1.994   0.1994        
  19.16  1.998   0.1998        
  19.18  2.002   0.2002        
  19.2   2.007   0.2007        
  19.22  2.013   0.2013        
  19.24  2.019   0.2019        
  19.26  2.024   0.2024        
  19.28  2.029   0.2029        
  19.3   2.034   0.20339999    
  19.32  2.039   0.20390001    
  19.34  2.044   0.20439999    
  19.36  2.05    0.205         
  19.38  2.057   0.2057        
  19.4   2.064   0.20639999    
  19.42  2.072   0.2072        
  19.44  2.079   0.2079        
  19.46  2.086   0.2086        
  19.48  2.093   0.2093        
  19.5   2.1     0.21          
  19.52  2.107   0.2107        
  19.54  2.116   0.21159999    
  19.56  2.124   0.2124        
  19.58  2.132   0.2132        
  19.6   2.139   0.2139        
  19.62  2.146   0.2146        
  19.64  2.152   0.21519999    
  19.66  2.158   0.2158        
  19.68  2.164   0.2164        
  19.7   2.17    0.21700001    
  19.72  2.176   0.21760002    
  19.74  2.183   0.21830001    
  19.76  2.19    0.21900001    
  19.78  2.198   0.2198        
  19.8   2.206   0.22060001    
  19.82  2.214   0.2214        
  19.84  2.221   0.22209999    
  19.86  2.229   0.2229        
  19.88  2.236   0.2236        
  19.9   2.244   0.2244        
  19.92  2.252   0.22520001    
  19.94  2.26    0.226         
  19.96  2.266   0.2266        
  19.98  2.271   0.22709998    
  20.0   2.276   0.22760001    
  20.02  2.282   0.2282        
  20.04  2.288   0.22880001    
  20.06  2.296   0.2296        
  20.08  2.304   0.2304        
  20.1   2.312   0.23120001    
  20.12  2.32    0.232         
  20.14  2.327   0.23269999    
  20.16  2.333   0.2333        
  20.18  2.339   0.2339        
  20.2   2.345   0.2345        
  20.22  2.352   0.2352        
  20.24  2.358   0.2358        
  20.26  2.365   0.2365        
  20.28  2.372   0.23719999    
  20.3   2.379   0.23789999    
  20.32  2.386   0.23859999    
  20.34  2.393   0.23929998    
  20.36  2.4     0.24000001    
  20.38  2.407   0.2407        
  20.4   2.415   0.24149999    
  20.42  2.423   0.2423        
  20.44  2.432   0.24319999    
  20.46  2.441   0.2441        
  20.48  2.451   0.24509999    
  20.5   2.461   0.2461        
  20.52  2.471   0.2471        
  20.54  2.48    0.248         
  20.56  2.49    0.249         
  20.58  2.498   0.2498        
  20.6   2.507   0.2507        
  20.62  2.515   0.2515        
  20.64  2.524   0.25239998    
  20.66  2.532   0.2532        
  20.68  2.54    0.254         
  20.7   2.548   0.25480002    
  20.72  2.556   0.2556        
  20.74  2.564   0.2564        
  20.76  2.572   0.2572        
  20.78  2.579   0.2579        
  20.8   2.587   0.25869998    
  20.82  2.594   0.2594        
  20.84  2.601   0.2601        
  20.86  2.607   0.26070002    
  20.88  2.613   0.2613        
  20.9   2.619   0.2619        
  20.92  2.625   0.2625        
  20.94  2.631   0.2631        
  20.96  2.638   0.2638        
  20.98  2.646   0.26459998    
  21.0   2.655   0.2655        
  21.02  2.664   0.2664        
  21.04  2.674   0.2674        
  21.06  2.684   0.2684        
  21.08  2.695   0.2695        
  21.1   2.705   0.2705        
  21.12  2.716   0.2716        
  21.14  2.726   0.2726        
  21.16  2.735   0.2735        
  21.18  2.744   0.2744        
  21.2   2.753   0.2753        
  21.22  2.761   0.27609998    
  21.24  2.768   0.27679998    
  21.26  2.776   0.2776        
  21.28  2.783   0.2783        
  21.3   2.791   0.2791        
  21.32  2.798   0.2798        
  21.34  2.806   0.2806        
  21.36  2.814   0.2814        
  21.38  2.822   0.2822        
  21.4   2.83    0.283         
  21.42  2.838   0.2838        
  21.44  2.846   0.2846        
  21.46  2.855   0.2855        
  21.48  2.864   0.28640002    
  21.5   2.872   0.2872        
  21.52  2.882   0.2882        
  21.54  2.891   0.2891        
  21.56  2.901   0.2901        
  21.58  2.91    0.291         
  21.6   2.92    0.292         
  21.62  2.93    0.293         
  21.64  2.939   0.29389998    
  21.66  2.949   0.2949        
  21.68  2.958   0.2958        
  21.7   2.967   0.2967        
  21.72  2.977   0.2977        
  21.74  2.986   0.29860002    
  21.76  2.995   0.2995        
  21.78  3.004   0.3004        
  21.8   3.013   0.3013        
  21.82  3.023   0.3023        
  21.84  3.032   0.3032        
  21.86  3.042   0.3042        
  21.88  3.052   0.3052        
  21.9   3.061   0.3061        
  21.92  3.071   0.3071        
  21.94  3.08    0.308         
  21.96  3.089   0.3089        
  21.98  3.098   0.3098        
  22.0   3.107   0.3107        
  22.02  3.116   0.3116        
  22.04  3.124   0.3124        
  22.06  3.133   0.31329998    
  22.08  3.141   0.3141        
  22.1   3.149   0.31489998    
  22.12  3.158   0.3158        
  22.14  3.166   0.3166        
  22.16  3.174   0.3174        
  22.18  3.183   0.3183        
  22.2   3.191   0.3191        
  22.22  3.2     0.32          
  22.24  3.209   0.32090002    
  22.26  3.218   0.3218        
  22.28  3.226   0.3226        
  22.3   3.235   0.32349998    
  22.32  3.244   0.3244        
  22.34  3.254   0.3254        
  22.36  3.263   0.3263        
  22.38  3.273   0.3273        
  22.4   3.284   0.3284        
  22.42  3.294   0.3294        
  22.44  3.305   0.3305        
  22.46  3.316   0.3316        
  22.48  3.327   0.33269998    
  22.5   3.339   0.3339        
  22.52  3.35    0.33499998    
  22.54  3.36    0.336         
  22.56  3.37    0.33699998    
  22.58  3.38    0.338         
