pahfit/data/1C_snr_gt20.ecsv
# %ECSV 0.9
# ---
# datatype:
# - {name: wavelength, unit: micron, datatype: float64}
# - {name: flux, unit: Jy, datatype: float64}
# - {name: sigma, unit: Jy, datatype: float64}
wavelength flux sigma
  2.6    0.088   0.0088        
  2.62   0.092   0.0092        
  2.64   0.092   0.0092        
  2.66   0.091   0.009099999   
  2.68   0.089   0.0089        
  2.7    0.091   0.009099999   
  2.72   0.091   0.009099999   
  2.74   0.09    0.009000001   
  2.76   0.092   0.0092        
  2.78   0.09    0.009000001   
  2.8    0.091   0.009099999   
  2.82   0.09    0.009000001   
  2.84   0.088   0.0088        
  2.86   0.088   0.0088        
  2.88   0.087   0.0087        
  2.9    0.086   0.0086        
  2.92   0.085   0.0085        
  2.94   0.084   0.0084        
  2.96   0.083   0.0083        
  2.98   0.082   0.0082        
  3.0    0.081   0.0081        
  3.02   0.082   0.0082        
  3.04   0.081   0.0081        
  3.06   0.08    0.007999999   
  3.08   0.079   0.007900001   
  3.1    0.082   0.0082        
  3.12   0.083   0.0083        
  3.14   0.085   0.0085        
  3.16   0.086   0.0086        
  3.18   0.088   0.0088        
  3.2    0.092   0.0092        
  3.22   0.099   0.0099        
  3.24   0.112   0.0112000005  
  3.26   0.133   0.0133        
  3.28   0.154   0.0154        
  3.3    0.158   0.015800001   
  3.32   0.135   0.0135        
  3.34   0.115   0.0115        
  3.36   0.107   0.0107        
  3.38   0.105   0.0105        
  3.4    0.108   0.0108        
  3.42   0.107   0.0107        
  3.44   0.105   0.0105        
  3.46   0.102   0.010199999   
  3.48   0.099   0.0099        
  3.5    0.098   0.0098        
  3.52   0.096   0.0096        
  3.54   0.093   0.0093        
  3.56   0.093   0.0093        
  3.58   0.09    0.009000001   
  3.6    0.089   0.0089        
  3.62   0.087   0.0087        
  3.64   0.086   0.0086        
  3.66   0.087   0.0087        
  3.68   0.086   0.0086        
  3.7    0.086   0.0086        
  3.72   0.087   0.0087        
  3.74   0.088   0.0088        
  3.76   0.087   0.0087        
  3.78   0.088   0.0088        
  3.8    0.087   0.0087        
  3.82   0.087   0.0087        
  3.84   0.087   0.0087        
  3.86   0.087   0.0087        
  3.88   0.086   0.0086        
  3.9    0.087   0.0087        
  3.92   0.087   0.0087        
  3.94   0.086   0.0086        
  3.96   0.086   0.0086        
  3.98   0.086   0.0086        
  4.0    0.087   0.0087        
  4.02   0.09    0.009000001   
  4.04   0.099   0.0099        
  4.06   0.104   0.0104        
  4.08   0.092   0.0092        
  4.1    0.086   0.0086        
  4.12   0.083   0.0083        
  4.14   0.081   0.0081        
  4.16   0.079   0.007900001   
  4.18   0.08    0.007999999   
  4.2    0.077   0.0077        
  4.22   0.077   0.0077        
  4.24   0.074   0.0074        
  4.26   0.072   0.0072        
  4.28   0.071   0.0071        
  4.3    0.074   0.0074        
  4.32   0.077   0.0077        
  4.34   0.078   0.0078000003  
  4.36   0.078   0.0078000003  
  4.38   0.077   0.0077        
  4.4    0.075   0.0075000003  
  4.42   0.074   0.0074        
  4.44   0.073   0.0072999997  
  4.46   0.071   0.0071        
  4.48   0.07    0.007         
  4.5    0.069   0.0069        
  4.52   0.069   0.0069        
  4.54   0.068   0.0068000006  
  4.56   0.065   0.0064999997  
  4.58   0.065   0.0064999997  
  4.6    0.065   0.0064999997  
  4.62   0.065   0.0064999997  
  4.64   0.069   0.0069        
  4.66   0.071   0.0071        
  4.68   0.07    0.007         
  4.7    0.071   0.0071        
  4.72   0.069   0.0069        
  4.74   0.069   0.0069        
  4.76   0.067   0.0067000003  
  4.78   0.066   0.0066        
  4.8    0.066   0.0066        
  4.82   0.067   0.0067000003  
  4.84   0.067   0.0067000003  
  4.86   0.068   0.0068000006  
  4.88   0.066   0.0066        
  4.9    0.065   0.0064999997  
  4.92   0.064   0.0064000003  
  4.94   0.065   0.0064999997  
  4.96   0.064   0.0064000003  
  4.98   0.065   0.0064999997  
  5.0    0.065   0.0064999997  
  5.02   0.066   0.0066        
  5.04   0.068   0.0068000006  
  5.06   0.071   0.0071        
  5.08   0.073   0.0072999997  
  5.1    0.077   0.0077        
  5.12   0.082   0.0082        
  5.14   0.088   0.0088        
  5.16   0.095   0.0095        
  5.18   0.105   0.0105        
  5.2    0.116   0.0116        
  5.22   0.13    0.012999999   
  5.24   0.137   0.013699999   
  5.26   0.133   0.0133        
  5.28   0.124   0.012399999   
  5.3    0.122   0.0122        
  5.32   0.131   0.0131        
  5.34   0.135   0.0135        
  5.36   0.121   0.0121        
  5.38   0.102   0.010199999   
  5.4    0.097   0.0097        
  5.42   0.1     0.01          
  5.44   0.101   0.010100001   
  5.46   0.103   0.0103        
  5.48   0.11    0.011         
  5.5    0.119   0.0119        
  5.52   0.122   0.0122        
  5.54   0.121   0.0121        
  5.56   0.123   0.0123000005  
  5.58   0.132   0.0132        
  5.6    0.147   0.0147        
  5.62   0.165   0.0165        
  5.64   0.18    0.018000001   
  5.66   0.189   0.0189        
  5.68   0.195   0.019499999   
  5.7    0.2     0.02          
  5.72   0.2     0.02          
  5.74   0.195   0.019499999   
  5.76   0.188   0.0188        
  5.78   0.181   0.018099999   
  5.8    0.175   0.0175        
  5.82   0.176   0.0176        
  5.84   0.183   0.0183        
  5.86   0.19    0.019         
  5.88   0.196   0.0196        
  5.9    0.195   0.019499999   
  5.92   0.194   0.0194        
  5.94   0.198   0.0198        
  5.96   0.217   0.021699999   
  5.98   0.248   0.024799999   
  6.0    0.278   0.0278        
  6.02   0.298   0.029800002   
  6.04   0.307   0.030700002   
  6.06   0.313   0.0313        
  6.08   0.327   0.0327        
  6.1    0.363   0.0363        
  6.12   0.431   0.0431        
  6.14   0.548   0.054799996   
  6.16   0.716   0.071600005   
  6.18   0.889   0.0889        
  6.2    1.0     0.1           
  6.22   1.018   0.1018        
  6.24   0.96    0.096         
  6.26   0.865   0.086500004   
  6.28   0.765   0.0765        
  6.3    0.676   0.0676        
  6.32   0.603   0.0603        
  6.34   0.545   0.054500002   
  6.36   0.501   0.0501        
  6.38   0.466   0.0466        
  6.4    0.435   0.0435        
  6.42   0.407   0.0407        
  6.44   0.383   0.0383        
  6.46   0.366   0.0366        
  6.48   0.355   0.035499997   
  6.5    0.344   0.0344        
  6.52   0.337   0.0337        
  6.54   0.333   0.0333        
  6.56   0.335   0.0335        
  6.58   0.343   0.0343        
  6.6    0.351   0.0351        
  6.62   0.36    0.036000002   
  6.64   0.366   0.0366        
  6.66   0.368   0.0368        
  6.68   0.368   0.0368        
  6.7    0.37    0.037         
  6.72   0.37    0.037         
  6.74   0.369   0.0369        
  6.76   0.369   0.0369        
  6.78   0.372   0.0372        
  6.8    0.375   0.0375        
  6.82   0.38    0.038         
  6.84   0.385   0.0385        
  6.86   0.394   0.0394        
  6.88   0.413   0.0413        
  6.9    0.434   0.043399997   
  6.92   0.446   0.044600002   
  6.94   0.479   0.0479        
  6.96   0.573   0.0573        
  6.98   0.657   0.0657        
  7.0    0.646   0.064600006   
  7.02   0.571   0.057099998   
  7.04   0.524   0.0524        
  7.06   0.523   0.0523        
  7.08   0.534   0.0534        
  7.1    0.544   0.054400004   
  7.12   0.551   0.0551        
  7.14   0.557   0.055699997   
  7.16   0.564   0.0564        
  7.18   0.574   0.0574        
  7.2    0.589   0.0589        
  7.22   0.609   0.060900003   
  7.24   0.633   0.0633        
  7.26   0.657   0.0657        
  7.28   0.682   0.0682        
  7.3    0.713   0.0713        
  7.32   0.75    0.075         
  7.34   0.794   0.0794        
  7.36   0.843   0.0843        
  7.38   0.897   0.0897        
  7.4    0.956   0.095599994   
  7.42   1.021   0.1021        
  7.44   1.094   0.1094        
  7.46   1.171   0.1171        
  7.48   1.251   0.1251        
  7.5    1.333   0.13329999    
  7.52   1.417   0.1417        
  7.54   1.498   0.1498        
  7.56   1.57    0.157         
  7.58   1.627   0.1627        
  7.6    1.666   0.1666        
  7.62   1.683   0.1683        
  7.64   1.681   0.1681        
  7.66   1.666   0.1666        
  7.68   1.646   0.1646        
  7.7    1.627   0.1627        
  7.72   1.615   0.1615        
  7.74   1.61    0.161         
  7.76   1.607   0.1607        
  7.78   1.604   0.1604        
  7.8    1.595   0.1595        
  7.82   1.578   0.15779999    
  7.84   1.552   0.1552        
  7.86   1.517   0.15169999    
  7.88   1.472   0.1472        
  7.9    1.419   0.1419        
  7.92   1.361   0.1361        
  7.94   1.302   0.1302        
  7.96   1.244   0.1244        
  7.98   1.19    0.119         
  8.0    1.139   0.113900006   
  8.02   1.092   0.1092        
  8.04   1.046   0.1046        
  8.06   1.004   0.10039999    
  8.08   0.964   0.0964        
  8.1    0.93    0.093         
  8.12   0.901   0.090100005   
  8.14   0.879   0.0879        
  8.16   0.864   0.0864        
  8.18   0.853   0.0853        
  8.2    0.846   0.0846        
  8.22   0.842   0.0842        
  8.24   0.84    0.084         
  8.26   0.842   0.0842        
  8.28   0.845   0.0845        
  8.3    0.849   0.0849        
  8.32   0.853   0.0853        
  8.34   0.857   0.0857        
  8.36   0.86    0.086         
  8.38   0.863   0.0863        
  8.4    0.869   0.0869        
  8.42   0.878   0.0878        
  8.44   0.892   0.089200005   
  8.46   0.912   0.0912        
  8.48   0.936   0.0936        
  8.5    0.962   0.096200004   
  8.52   0.986   0.0986        
  8.54   1.006   0.100600004   
  8.56   1.019   0.101900004   
  8.58   1.024   0.102400005   
  8.6    1.019   0.101900004   
  8.62   1.003   0.1003        
  8.64   0.976   0.0976        
  8.66   0.939   0.0939        
  8.68   0.893   0.0893        
  8.7    0.844   0.0844        
  8.72   0.793   0.0793        
  8.74   0.743   0.0743        
  8.76   0.695   0.0695        
  8.78   0.65    0.065         
  8.8    0.608   0.060799997   
  8.82   0.57    0.057         
  8.84   0.535   0.053500004   
  8.86   0.505   0.050499998   
  8.88   0.481   0.048100002   
  8.9    0.461   0.046099998   
  8.92   0.447   0.0447        
  8.94   0.437   0.043700002   
  8.96   0.43    0.043         
  8.98   0.421   0.0421        
  9.0    0.41    0.041         
  9.02   0.395   0.0395        
  9.04   0.379   0.0379        
  9.06   0.364   0.036399998   
  9.08   0.354   0.0354        
  9.1    0.347   0.0347        
  9.12   0.342   0.0342        
  9.14   0.338   0.0338        
  9.16   0.334   0.0334        
  9.18   0.331   0.0331        
  9.2    0.329   0.032899998   
  9.22   0.327   0.0327        
  9.24   0.324   0.0324        
  9.26   0.321   0.0321        
  9.28   0.318   0.031799998   
  9.3    0.315   0.0315        
  9.32   0.313   0.0313        
  9.34   0.311   0.0311        
  9.36   0.308   0.0308        
  9.38   0.305   0.0305        
  9.4    0.303   0.0303        
  9.42   0.301   0.0301        
  9.44   0.301   0.0301        
  9.46   0.301   0.0301        
  9.48   0.302   0.030199999   
  9.5    0.302   0.030199999   
  9.52   0.301   0.0301        
  9.54   0.3     0.030000001   
  9.56   0.302   0.030199999   
  9.58   0.307   0.030700002   
  9.6    0.315   0.0315        
  9.62   0.325   0.0325        
  9.64   0.333   0.0333        
  9.66   0.336   0.0336        
  9.68   0.333   0.0333        
  9.7    0.324   0.0324        
  9.72   0.313   0.0313        
  9.74   0.303   0.0303        
  9.76   0.295   0.029499998   
  9.78   0.29    0.029         
  9.8    0.287   0.0287        
  9.82   0.286   0.028600002   
  9.84   0.285   0.0285        
  9.86   0.285   0.0285        
  9.88   0.285   0.0285        
  9.9    0.286   0.028600002   
  9.92   0.286   0.028600002   
  9.94   0.287   0.0287        
  9.96   0.288   0.0288        
  9.98   0.289   0.028900001   
  10.0   0.29    0.029         
  10.02  0.292   0.029199999   
  10.04  0.294   0.0294        
  10.06  0.296   0.0296        
  10.08  0.297   0.0297        
  10.1   0.297   0.0297        
  10.12  0.297   0.0297        
  10.14  0.297   0.0297        
  10.16  0.297   0.0297        
  10.18  0.298   0.029800002   
  10.2   0.3     0.030000001   
  10.22  0.301   0.0301        
  10.24  0.304   0.030399999   
  10.26  0.306   0.0306        
  10.28  0.309   0.030899998   
  10.3   0.313   0.0313        
  10.32  0.316   0.031600002   
  10.34  0.32    0.031999998   
  10.36  0.325   0.0325        
  10.38  0.33    0.033         
  10.4   0.337   0.0337        
  10.42  0.345   0.0345        
  10.44  0.356   0.0356        
  10.46  0.369   0.0369        
  10.48  0.383   0.0383        
  10.5   0.397   0.0397        
  10.52  0.409   0.0409        
  10.54  0.418   0.0418        
  10.56  0.426   0.0426        
  10.58  0.431   0.0431        
  10.6   0.435   0.0435        
  10.62  0.438   0.0438        
  10.64  0.441   0.0441        
  10.66  0.443   0.044299997   
  10.68  0.445   0.0445        
  10.7   0.448   0.044800002   
  10.72  0.452   0.045199998   
  10.74  0.455   0.045500003   
  10.76  0.457   0.0457        
  10.78  0.458   0.0458        
  10.8   0.46    0.046         
  10.82  0.462   0.0462        
  10.84  0.467   0.0467        
  10.86  0.476   0.0476        
  10.88  0.491   0.0491        
  10.9   0.511   0.051099997   
  10.92  0.537   0.0537        
  10.94  0.569   0.056900002   
  10.96  0.605   0.060500003   
  10.98  0.641   0.0641        
  11.0   0.675   0.0675        
  11.02  0.703   0.0703        
  11.04  0.728   0.072799996   
  11.06  0.756   0.0756        
  11.08  0.798   0.079799995   
  11.1   0.872   0.0872        
  11.12  0.989   0.098900005   
  11.14  1.156   0.115600005   
  11.16  1.36    0.136         
  11.18  1.575   0.1575        
  11.2   1.768   0.1768        
  11.22  1.904   0.1904        
  11.24  1.966   0.19659999    
  11.26  1.955   0.1955        
  11.28  1.89    0.189         
  11.3   1.794   0.1794        
  11.32  1.685   0.16849999    
  11.34  1.578   0.15779999    
  11.36  1.479   0.1479        
  11.38  1.389   0.13890001    
  11.4   1.31    0.131         
  11.42  1.239   0.1239        
  11.44  1.176   0.1176        
  11.46  1.121   0.112100005   
  11.48  1.072   0.107200004   
  11.5   1.031   0.1031        
  11.52  0.996   0.0996        
  11.54  0.966   0.0966        
  11.56  0.939   0.0939        
  11.58  0.914   0.0914        
  11.6   0.891   0.089099996   
  11.62  0.87    0.087         
  11.64  0.853   0.0853        
  11.66  0.841   0.0841        
  11.68  0.833   0.0833        
  11.7   0.829   0.0829        
  11.72  0.827   0.0827        
  11.74  0.827   0.0827        
  11.76  0.83    0.083         
  11.78  0.836   0.0836        
  11.8   0.845   0.0845        
  11.82  0.859   0.0859        
  11.84  0.876   0.0876        
  11.86  0.896   0.089600004   
  11.88  0.917   0.0917        
  11.9   0.937   0.0937        
  11.92  0.955   0.0955        
  11.94  0.969   0.0969        
  11.96  0.98    0.098000005   
  11.98  0.986   0.0986        
  12.0   0.989   0.098900005   
  12.02  0.988   0.098799996   
  12.04  0.985   0.0985        
  12.06  0.981   0.0981        
  12.08  0.976   0.0976        
  12.1   0.97    0.097         
  12.12  0.966   0.0966        
  12.14  0.963   0.0963        
  12.16  0.964   0.0964        
  12.18  0.971   0.097100005   
  12.2   0.985   0.0985        
  12.22  1.007   0.1007        
  12.24  1.032   0.103199996   
  12.26  1.059   0.105900005   
  12.28  1.082   0.1082        
  12.3   1.1     0.11          
  12.32  1.112   0.1112        
  12.34  1.121   0.112100005   
  12.36  1.13    0.113         
  12.38  1.141   0.1141        
  12.4   1.156   0.115600005   
  12.42  1.174   0.117400005   
  12.44  1.196   0.1196        
  12.46  1.219   0.1219        
  12.48  1.245   0.1245        
  12.5   1.272   0.12719999    
  12.52  1.301   0.1301        
  12.54  1.331   0.1331        
  12.56  1.362   0.1362        
  12.58  1.393   0.1393        
