pahfit/data/1C_snr_gt20.ecsv
# %ECSV 0.9
# ---
# datatype:
# - {name: wavelength, unit: micron, datatype: float64}
# - {name: flux, unit: Jy, datatype: float64}
# - {name: sigma, unit: Jy, datatype: float64}
wavelength flux sigma
[from data line 1001]
  22.62  3.398   0.3398        
  22.64  3.407   0.3407        
  22.66  3.415   0.34149998    
  22.68  3.424   0.3424        
  22.7   3.432   0.3432        
  22.72  3.442   0.3442        
  22.74  3.452   0.3452        
  22.76  3.462   0.3462        
  22.78  3.474   0.3474        
  22.8   3.486   0.3486        
  22.82  3.499   0.3499        
  22.84  3.511   0.3511        
  22.86  3.524   0.3524        
  22.88  3.537   0.35369998    
  22.9   3.549   0.3549        
  22.92  3.56    0.356         
  22.94  3.571   0.3571        
  22.96  3.581   0.3581        
  22.98  3.59    0.359         
  23.0   3.599   0.3599        
  23.02  3.607   0.3607        
  23.04  3.614   0.3614        
  23.06  3.622   0.3622        
  23.08  3.63    0.363         
  23.1   3.638   0.3638        
  23.12  3.647   0.36470002    
  23.14  3.656   0.3656        
  23.16  3.665   0.3665        
  23.18  3.676   0.36760002    
  23.2   3.686   0.3686        
  23.22  3.697   0.3697        
  23.24  3.708   0.3708        
  23.26  3.719   0.37190002    
  23.28  3.73    0.373         
  23.3   3.741   0.3741        
  23.32  3.751   0.3751        
  23.34  3.762   0.37620002    
  23.36  3.771   0.3771        
  23.38  3.781   0.37809998    
  23.4   3.791   0.3791        
  23.42  3.801   0.3801        
  23.44  3.811   0.3811        
  23.46  3.821   0.38210002    
  23.48  3.831   0.3831        
  23.5   3.842   0.3842        
  23.52  3.853   0.38529998    
  23.54  3.864   0.3864        
  23.56  3.875   0.3875        
  23.58  3.885   0.3885        
  23.6   3.896   0.38959998    
  23.62  3.906   0.3906        
  23.64  3.916   0.39159998    
  23.66  3.926   0.3926        
  23.68  3.935   0.3935        
  23.7   3.944   0.3944        
  23.72  3.953   0.3953        
  23.74  3.962   0.3962        
  23.76  3.971   0.3971        
  23.78  3.98    0.398         
  23.8   3.99    0.399         
  23.82  3.999   0.39990002    
  23.84  4.009   0.40089998    
  23.86  4.019   0.4019        
  23.88  4.029   0.40289998    
  23.9   4.039   0.4039        
  23.92  4.048   0.4048        
  23.94  4.058   0.4058        
  23.96  4.068   0.40679997    
  23.98  4.078   0.40780002    
  24.0   4.088   0.40879998    
  24.02  4.098   0.4098        
  24.04  4.108   0.41079998    
  24.06  4.118   0.4118        
  24.08  4.128   0.41279998    
  24.1   4.138   0.4138        
  24.12  4.148   0.4148        
  24.14  4.158   0.4158        
  24.16  4.167   0.41669998    
  24.18  4.177   0.4177        
  24.2   4.187   0.41869998    
  24.22  4.197   0.4197        
  24.24  4.206   0.4206        
  24.26  4.216   0.4216        
  24.28  4.225   0.42249998    
  24.3   4.234   0.4234        
  24.32  4.244   0.4244        
  24.34  4.253   0.42529997    
  24.36  4.262   0.4262        
  24.38  4.271   0.4271        
  24.4   4.28    0.42800003    
  24.42  4.289   0.4289        
  24.44  4.298   0.42979997    
  24.46  4.307   0.4307        
  24.48  4.317   0.4317        
  24.5   4.326   0.43260002    
  24.52  4.336   0.4336        
  24.54  4.346   0.43460003    
  24.56  4.356   0.43559998    
  24.58  4.365   0.43649998    
  24.6   4.375   0.4375        
  24.62  4.385   0.43850002    
  24.64  4.395   0.4395        
  24.66  4.405   0.44050002    
  24.68  4.415   0.4415        
  24.7   4.425   0.44250003    
  24.72  4.435   0.44349998    
  24.74  4.445   0.44450003    
  24.76  4.456   0.44559997    
  24.78  4.467   0.4467        
  24.8   4.478   0.4478        
  24.82  4.489   0.44889998    
  24.84  4.501   0.4501        
  24.86  4.512   0.4512        
  24.88  4.523   0.45229998    
  24.9   4.534   0.4534        
  24.92  4.545   0.45450002    
  24.94  4.556   0.45560002    
  24.96  4.566   0.4566        
  24.98  4.576   0.45760003    
  25.0   4.586   0.45859998    
  25.02  4.596   0.45960003    
  25.04  4.607   0.46069998    
  25.06  4.617   0.46170002    
  25.08  4.628   0.46279997    
  25.1   4.64    0.464         
  25.12  4.652   0.4652        
  25.14  4.664   0.4664        
  25.16  4.677   0.4677        
  25.18  4.691   0.4691        
  25.2   4.704   0.4704        
  25.22  4.718   0.4718        
  25.24  4.732   0.4732        
  25.26  4.745   0.4745        
  25.28  4.758   0.47579998    
  25.3   4.772   0.47719997    
  25.32  4.784   0.4784        
  25.34  4.797   0.4797        
  25.36  4.81    0.481         
  25.38  4.822   0.4822        
  25.4   4.835   0.4835        
  25.42  4.847   0.48470002    
  25.44  4.86    0.486         
  25.46  4.872   0.48720002    
  25.48  4.884   0.48839998    
  25.5   4.897   0.4897        
  25.52  4.909   0.49089998    
  25.54  4.922   0.4922        
  25.56  4.934   0.4934        
  25.58  4.947   0.4947        
  25.6   4.961   0.4961        
  25.62  4.975   0.4975        
  25.64  4.99    0.49899998    
  25.66  5.006   0.5006        
  25.68  5.023   0.50229996    
  25.7   5.041   0.50409997    
  25.72  5.061   0.5061        
  25.74  5.083   0.5083        
  25.76  5.106   0.5106        
  25.78  5.13    0.513         
  25.8   5.155   0.5155        
  25.82  5.18    0.518         
  25.84  5.205   0.5205        
  25.86  5.229   0.5229        
  25.88  5.251   0.5251        
  25.9   5.271   0.52709997    
  25.92  5.288   0.5288        
  25.94  5.302   0.5302        
  25.96  5.313   0.5313        
  25.98  5.32    0.532         
  26.0   5.325   0.53249997    
  26.02  5.327   0.5327        
  26.04  5.327   0.5327        
  26.06  5.327   0.5327        
  26.08  5.326   0.53260005    
  26.1   5.326   0.53260005    
  26.12  5.326   0.53260005    
  26.14  5.328   0.5328        
  26.16  5.331   0.5331        
  26.18  5.336   0.5336        
  26.2   5.342   0.5342        
  26.22  5.35    0.53499997    
  26.24  5.359   0.5359        
  26.26  5.369   0.5369        
  26.28  5.38    0.538         
  26.3   5.391   0.5391        
  26.32  5.402   0.5402        
  26.34  5.414   0.5414        
  26.36  5.426   0.54260004    
  26.38  5.438   0.5438        
  26.4   5.449   0.5449        
  26.42  5.46    0.546         
  26.44  5.471   0.5471        
  26.46  5.482   0.5482        
  26.48  5.492   0.5492        
  26.5   5.503   0.5503        
  26.52  5.513   0.5513        
  26.54  5.522   0.55219996    
  26.56  5.532   0.5532        
  26.58  5.542   0.5542        
  26.6   5.553   0.5553        
  26.62  5.563   0.55630004    
  26.64  5.574   0.5574        
  26.66  5.585   0.5585        
  26.68  5.597   0.5597        
  26.7   5.608   0.56079996    
  26.72  5.62    0.562         
  26.74  5.631   0.5631        
  26.76  5.643   0.5643        
  26.78  5.655   0.5655        
  26.8   5.667   0.5667        
  26.82  5.68    0.56799996    
  26.84  5.692   0.5692        
  26.86  5.705   0.5705        
  26.88  5.719   0.5719        
  26.9   5.733   0.5733        
  26.92  5.748   0.5748        
  26.94  5.763   0.5763        
  26.96  5.777   0.5777        
  26.98  5.792   0.57919997    
  27.0   5.807   0.58070004    
  27.02  5.822   0.5822        
  27.04  5.836   0.5836        
  27.06  5.85    0.585         
  27.08  5.863   0.5863        
  27.1   5.875   0.5875        
  27.12  5.888   0.5888        
  27.14  5.9     0.59000003    
  27.16  5.912   0.5912        
  27.18  5.925   0.59250003    
  27.2   5.937   0.5937        
  27.22  5.951   0.59510005    
  27.24  5.965   0.59650004    
  27.26  5.979   0.59790003    
  27.28  5.994   0.5994        
  27.3   6.009   0.6009        
  27.32  6.024   0.6024        
  27.34  6.04    0.604         
  27.36  6.055   0.6055        
  27.38  6.071   0.6071        
  27.4   6.086   0.6086        
  27.42  6.1     0.61          
  27.44  6.115   0.61149997    
  27.46  6.129   0.6129        
  27.48  6.143   0.6143        
  27.5   6.157   0.6157        
  27.52  6.171   0.6171        
  27.54  6.184   0.6184        
  27.56  6.198   0.6198        
  27.58  6.213   0.6213        
  27.6   6.227   0.62270004    
  27.62  6.242   0.6242        
  27.64  6.257   0.6257        
  27.66  6.272   0.6272        
  27.68  6.287   0.6287        
  27.7   6.302   0.6302        
  27.72  6.317   0.6317        
  27.74  6.332   0.6332        
  27.76  6.346   0.63460004    
  27.78  6.36    0.63600004    
  27.8   6.373   0.6373        
  27.82  6.386   0.6386        
  27.84  6.398   0.63979995    
  27.86  6.409   0.6409        
  27.88  6.421   0.6421        
  27.9   6.432   0.64320004    
  27.92  6.443   0.6443        
  27.94  6.455   0.6455        
  27.96  6.467   0.6467        
  27.98  6.48    0.648         
