pahfit/data/Lai2020_1C_akari_spitzer.ecsv
# %ECSV 0.9
# ---
# datatype:
# - {name: wavelength, unit: micron, datatype: float64}
# - {name: flux, unit: Jy, datatype: float64}
# - {name: sigma, unit: Jy, datatype: float64}
wavelength flux sigma
[from data line 843]
19.46 1.565 0.1565
19.48 1.569 0.1569
19.50 1.572 0.1572
19.52 1.576 0.1576
19.54 1.586 0.1586
19.56 1.595 0.1595
19.58 1.601 0.1601
19.60 1.606 0.1606
19.62 1.614 0.1614
19.64 1.623 0.1623
19.66 1.632 0.1632
19.68 1.643 0.1643
19.70 1.654 0.1654
19.72 1.655 0.1655
19.74 1.656 0.1656
19.76 1.659 0.1659
19.78 1.662 0.1662
19.80 1.665 0.1665
19.82 1.669 0.1669
19.84 1.677 0.1677
19.86 1.686 0.1686
19.88 1.695 0.1695
19.90 1.704 0.1704
19.92 1.715 0.1715
19.94 1.725 0.1725
19.96 1.733 0.1733
19.98 1.741 0.1741
20.00 1.748 0.1748
20.02 1.754 0.1754
20.04 1.761 0.1761
20.06 1.768 0.1768
20.08 1.776 0.1776
20.10 1.782 0.1782
20.12 1.789 0.1789
20.14 1.795 0.1795
20.16 1.801 0.1801
20.18 1.803 0.1803
20.20 1.804 0.1804
20.22 1.804 0.1804
20.24 1.804 0.1804
20.26 1.816 0.1816
20.28 1.827 0.1827
20.30 1.834 0.1834
20.32 1.838 0.1838
20.34 1.847 0.1847
20.36 1.857 0.1857
20.38 1.865 0.1865
20.40 1.870 0.1870
20.42 1.874 0.1874
20.44 1.879 0.1879
20.46 1.884 0.1884
20.48 1.888 0.1888
20.50 1.894 0.1894
20.52 1.902 0.1902
20.54 1.910 0.1910
20.56 1.918 0.1918
20.58 1.926 0.1926
20.60 1.935 0.1935
20.62 1.943 0.1943
20.64 1.951 0.1951
20.66 1.959 0.1959
20.68 1.968 0.1968
20.70 1.975 0.1975
20.72 1.983 0.1983
20.74 1.990 0.1990
20.76 1.998 0.1998
20.78 2.005 0.2005
20.80 2.013 0.2013
20.82 2.020 0.2020
20.84 2.027 0.2027
20.86 2.033 0.2033
20.88 2.040 0.2040
20.90 2.046 0.2046
20.92 2.053 0.2053
20.94 2.058 0.2058
20.96 2.061 0.2061
20.98 2.067 0.2067
21.00 2.076 0.2076
21.02 2.085 0.2085
21.04 2.092 0.2092
21.06 2.098 0.2098
21.08 2.105 0.2105
21.10 2.111 0.2111
21.12 2.117 0.2117
21.14 2.124 0.2124
21.16 2.130 0.2130
21.18 2.137 0.2137
21.20 2.145 0.2145
21.22 2.152 0.2152
21.24 2.159 0.2159
21.26 2.167 0.2167
21.28 2.172 0.2172
21.30 2.175 0.2175
21.32 2.179 0.2179
21.34 2.184 0.2184
21.36 2.189 0.2189
21.38 2.194 0.2194
21.40 2.198 0.2198
21.42 2.203 0.2203
21.44 2.208 0.2208
21.46 2.213 0.2213
21.48 2.219 0.2219
21.50 2.225 0.2225
21.52 2.231 0.2231
21.54 2.237 0.2237
21.56 2.242 0.2242
21.58 2.248 0.2248
21.60 2.254 0.2254
21.62 2.260 0.2260
21.64 2.269 0.2269
21.66 2.279 0.2279
21.68 2.290 0.2290
21.70 2.300 0.2300
21.72 2.311 0.2311
21.74 2.321 0.2321
21.76 2.332 0.2332
21.78 2.342 0.2342
21.80 2.351 0.2351
21.82 2.354 0.2354
21.84 2.358 0.2358
21.86 2.361 0.2361
21.88 2.365 0.2365
21.90 2.368 0.2368
21.92 2.372 0.2372
21.94 2.375 0.2375
21.96 2.380 0.2380
21.98 2.385 0.2385
22.00 2.390 0.2390
22.02 2.395 0.2395
22.04 2.400 0.2400
22.06 2.406 0.2406
22.08 2.411 0.2411
22.10 2.416 0.2416
22.12 2.421 0.2421
22.14 2.428 0.2428
22.16 2.435 0.2435
22.18 2.443 0.2443
22.20 2.450 0.2450
22.22 2.458 0.2458
22.24 2.465 0.2465
22.26 2.473 0.2473
22.28 2.480 0.2480
22.30 2.489 0.2489
22.32 2.501 0.2501
22.34 2.512 0.2512
22.36 2.523 0.2523
22.38 2.534 0.2534
22.40 2.546 0.2546
22.42 2.557 0.2557
22.44 2.568 0.2568
22.46 2.578 0.2578
22.48 2.583 0.2583
22.50 2.588 0.2588
22.52 2.593 0.2593
22.54 2.598 0.2598
22.56 2.604 0.2604
22.58 2.609 0.2609
22.60 2.614 0.2614
22.62 2.620 0.2620
22.64 2.630 0.2630
22.66 2.639 0.2639
22.68 2.648 0.2648
22.70 2.657 0.2657
22.72 2.666 0.2666
22.74 2.675 0.2675
22.76 2.684 0.2684
22.78 2.693 0.2693
22.80 2.705 0.2705
22.82 2.717 0.2717
22.84 2.729 0.2729
22.86 2.741 0.2741
22.88 2.753 0.2753
22.90 2.765 0.2765
22.92 2.777 0.2777
22.94 2.788 0.2788
22.96 2.790 0.2790
22.98 2.789 0.2789
23.00 2.789 0.2789
23.02 2.789 0.2789
23.04 2.789 0.2789
23.06 2.788 0.2788
23.08 2.788 0.2788
23.10 2.787 0.2787
23.12 2.789 0.2789
23.14 2.793 0.2793
23.16 2.797 0.2797
23.18 2.801 0.2801
23.20 2.805 0.2805
23.22 2.809 0.2809
23.24 2.813 0.2813
23.26 2.819 0.2819
23.28 2.825 0.2825
23.30 2.832 0.2832
23.32 2.839 0.2839
23.34 2.846 0.2846
23.36 2.853 0.2853
23.38 2.860 0.2860
23.40 2.867 0.2867
23.42 2.874 0.2874
23.44 2.882 0.2882
23.46 2.893 0.2893
23.48 2.904 0.2904
23.50 2.915 0.2915
23.52 2.927 0.2927
23.54 2.938 0.2938
23.56 2.949 0.2949
23.58 2.962 0.2962
23.60 2.975 0.2975
23.62 2.984 0.2984
23.64 2.994 0.2994
23.66 3.003 0.3003
23.68 3.012 0.3012
23.70 3.021 0.3021
23.72 3.030 0.3030
23.74 3.038 0.3038
23.76 3.046 0.3046
23.78 3.053 0.3053
23.80 3.060 0.3060
23.82 3.066 0.3066
23.84 3.073 0.3073
23.86 3.080 0.3080
23.88 3.086 0.3086
23.90 3.092 0.3092
23.92 3.098 0.3098
23.94 3.104 0.3104
23.96 3.109 0.3109
23.98 3.115 0.3115
24.00 3.121 0.3121
24.02 3.127 0.3127
24.04 3.133 0.3133
24.06 3.139 0.3139
24.08 3.146 0.3146
24.10 3.152 0.3152
24.12 3.158 0.3158
24.14 3.165 0.3165
24.16 3.171 0.3171
24.18 3.177 0.3177
24.20 3.184 0.3184
24.22 3.189 0.3189
24.24 3.194 0.3194
24.26 3.199 0.3199
24.28 3.202 0.3202
24.30 3.205 0.3205
24.32 3.209 0.3209
24.34 3.212 0.3212
24.36 3.215 0.3215
24.38 3.217 0.3217
24.40 3.220 0.3220
24.42 3.222 0.3222
24.44 3.224 0.3224
24.46 3.225 0.3225
24.48 3.227 0.3227
24.50 3.228 0.3228
24.52 3.230 0.3230
24.54 3.234 0.3234
24.56 3.238 0.3238
24.58 3.242 0.3242
24.60 3.249 0.3249
24.62 3.258 0.3258
24.64 3.267 0.3267
24.66 3.276 0.3276
24.68 3.285 0.3285
24.70 3.295 0.3295
24.72 3.305 0.3305
24.74 3.315 0.3315
24.76 3.326 0.3326
24.78 3.339 0.3339
24.80 3.352 0.3352
24.82 3.365 0.3365
24.84 3.378 0.3378
24.86 3.390 0.3390
24.88 3.402 0.3402
24.90 3.414 0.3414
24.92 3.425 0.3425
24.94 3.428 0.3428
24.96 3.431 0.3431
24.98 3.435 0.3435
25.00 3.438 0.3438
25.02 3.437 0.3437
25.04 3.436 0.3436
25.06 3.435 0.3435
25.08 3.433 0.3433
25.10 3.436 0.3436
25.12 3.439 0.3439
25.14 3.442 0.3442
25.16 3.445 0.3445
25.18 3.450 0.3450
25.20 3.455 0.3455
25.22 3.461 0.3461
25.24 3.466 0.3466
25.26 3.470 0.3470
25.28 3.475 0.3475
25.30 3.479 0.3479
25.32 3.483 0.3483
25.34 3.490 0.3490
25.36 3.499 0.3499
25.38 3.508 0.3508
25.40 3.517 0.3517
25.42 3.527 0.3527
25.44 3.540 0.3540
25.46 3.552 0.3552
25.48 3.565 0.3565
25.50 3.579 0.3579
25.52 3.595 0.3595
25.54 3.611 0.3611
25.56 3.627 0.3627
25.58 3.643 0.3643
25.60 3.659 0.3659
25.62 3.676 0.3676
25.64 3.693 0.3693
25.66 3.709 0.3709
25.68 3.725 0.3725
25.70 3.740 0.3740
25.72 3.756 0.3756
25.74 3.772 0.3772
25.76 3.788 0.3788
25.78 3.804 0.3804
25.80 3.820 0.3820
25.82 3.833 0.3833
25.84 3.844 0.3844
25.86 3.855 0.3855
25.88 3.866 0.3866
25.90 3.877 0.3877
25.92 3.887 0.3887
25.94 3.897 0.3897
25.96 3.907 0.3907
25.98 3.914 0.3914
26.00 3.918 0.3918
26.02 3.922 0.3922
26.04 3.926 0.3926
26.06 3.930 0.3930
26.08 3.931 0.3931
26.10 3.930 0.3930
26.12 3.929 0.3929
26.14 3.928 0.3928
26.16 3.928 0.3928
26.18 3.927 0.3927
26.20 3.926 0.3926
26.22 3.925 0.3925
26.24 3.925 0.3925
26.26 3.927 0.3927
26.28 3.928 0.3928
26.30 3.933 0.3933
26.32 3.941 0.3941
26.34 3.950 0.3950
26.36 3.959 0.3959
26.38 3.967 0.3967
26.40 3.976 0.3976
26.42 3.984 0.3984
26.44 3.993 0.3993
26.46 4.001 0.4001
26.48 4.008 0.4008
26.50 4.015 0.4015
26.52 4.022 0.4022
26.54 4.030 0.4030
26.56 4.037 0.4037
26.58 4.042 0.4042
26.60 4.047 0.4047
26.62 4.052 0.4052
26.64 4.057 0.4057
26.66 4.061 0.4061
26.68 4.066 0.4066
26.70 4.070 0.4070
26.72 4.075 0.4075
26.74 4.080 0.4080
26.76 4.085 0.4085
26.78 4.089 0.4089
26.80 4.094 0.4094
26.82 4.098 0.4098
26.84 4.102 0.4102
26.86 4.106 0.4106
26.88 4.111 0.4111
26.90 4.118 0.4118
26.92 4.128 0.4128
26.94 4.138 0.4138
26.96 4.150 0.4150
26.98 4.162 0.4162
27.00 4.175 0.4175
27.02 4.187 0.4187
27.04 4.199 0.4199
27.06 4.211 0.4211
27.08 4.223 0.4223
27.10 4.235 0.4235
27.12 4.248 0.4248
27.14 4.260 0.4260
27.16 4.273 0.4273
27.18 4.286 0.4286
27.20 4.299 0.4299
27.22 4.312 0.4312
27.24 4.324 0.4324
27.26 4.335 0.4335
27.28 4.345 0.4345
27.30 4.355 0.4355
27.32 4.365 0.4365
27.34 4.374 0.4374
27.36 4.384 0.4384
27.38 4.394 0.4394
27.40 4.401 0.4401
27.42 4.409 0.4409
27.44 4.418 0.4418
27.46 4.426 0.4426
27.48 4.435 0.4435
27.50 4.443 0.4443
27.52 4.452 0.4452
27.54 4.460 0.4460
27.56 4.470 0.4470
27.58 4.480 0.4480
27.60 4.490 0.4490
27.62 4.501 0.4501
27.64 4.512 0.4512
27.66 4.522 0.4522
27.68 4.533 0.4533
27.70 4.544 0.4544
27.72 4.554 0.4554
27.74 4.564 0.4564
27.76 4.574 0.4574
27.78 4.584 0.4584
27.80 4.594 0.4594
27.82 4.604 0.4604
27.84 4.614 0.4614
27.86 4.623 0.4623
27.88 4.634 0.4634
27.90 4.648 0.4648
27.92 4.661 0.4661
27.94 4.673 0.4673
27.96 4.686 0.4686
27.98 4.698 0.4698
