pahfit/data/Lai2020_1C_akari_spitzer.ecsv
# %ECSV 0.9
# ---
# datatype:
# - {name: wavelength, unit: micron, datatype: float64}
# - {name: flux, unit: Jy, datatype: float64}
# - {name: sigma, unit: Jy, datatype: float64}
wavelength flux sigma
2.60  0.068 0.0068
2.62  0.069 0.0069
2.64  0.070 0.0070
2.66  0.068 0.0068
2.68  0.067 0.0067
2.70  0.067 0.0067
2.72  0.067 0.0067
2.74  0.067 0.0067
2.76  0.070 0.0070
2.78  0.069 0.0069
2.80  0.067 0.0067
2.82  0.068 0.0068
2.84  0.065 0.0065
2.86  0.064 0.0064
2.88  0.065 0.0065
2.90  0.063 0.0063
2.92  0.064 0.0064
2.94  0.062 0.0062
2.96  0.062 0.0062
2.98  0.062 0.0062
3.00  0.059 0.0059
3.02  0.061 0.0061
3.04  0.060 0.0060
3.06  0.061 0.0061
3.08  0.062 0.0062
3.10  0.063 0.0063
3.12  0.064 0.0064
3.14  0.065 0.0065
3.16  0.066 0.0066
3.18  0.064 0.0064
3.20  0.070 0.0070
3.22  0.077 0.0077
3.24  0.090 0.0090
3.26  0.108 0.0108
3.28  0.136 0.0136
3.30  0.133 0.0133
3.32  0.110 0.0110
3.34  0.091 0.0091
3.36  0.085 0.0085
3.38  0.085 0.0085
3.40  0.088 0.0088
3.42  0.087 0.0087
3.44  0.085 0.0085
3.46  0.084 0.0084
3.48  0.080 0.0080
3.50  0.078 0.0078
3.52  0.077 0.0077
3.54  0.075 0.0075
3.56  0.074 0.0074
3.58  0.071 0.0071
3.60  0.069 0.0069
3.62  0.069 0.0069
3.64  0.067 0.0067
3.66  0.066 0.0066
3.68  0.066 0.0066
3.70  0.066 0.0066
3.72  0.068 0.0068
3.74  0.070 0.0070
3.76  0.070 0.0070
3.78  0.070 0.0070
3.80  0.068 0.0068
3.82  0.068 0.0068
3.84  0.070 0.0070
3.86  0.067 0.0067
3.88  0.068 0.0068
3.90  0.067 0.0067
3.92  0.067 0.0067
3.94  0.068 0.0068
3.96  0.065 0.0065
3.98  0.066 0.0066
4.00  0.068 0.0068
4.02  0.071 0.0071
4.04  0.079 0.0079
4.06  0.085 0.0085
4.08  0.078 0.0078
4.10  0.068 0.0068
4.12  0.067 0.0067
4.14  0.064 0.0064
4.16  0.065 0.0065
4.18  0.066 0.0066
4.20  0.064 0.0064
4.22  0.062 0.0062
4.24  0.060 0.0060
4.26  0.056 0.0056
4.28  0.058 0.0058
4.30  0.062 0.0062
4.32  0.063 0.0063
4.34  0.063 0.0063
4.36  0.063 0.0063
4.38  0.061 0.0061
4.40  0.058 0.0058
4.42  0.060 0.0060
4.44  0.056 0.0056
4.46  0.058 0.0058
4.48  0.057 0.0057
4.50  0.055 0.0055
4.52  0.053 0.0053
4.54  0.052 0.0052
4.56  0.052 0.0052
4.58  0.051 0.0051
4.60  0.050 0.0050
4.62  0.053 0.0053
4.64  0.056 0.0056
4.66  0.060 0.0060
4.68  0.057 0.0057
4.70  0.058 0.0058
4.72  0.058 0.0058
4.74  0.060 0.0060
4.76  0.057 0.0057
4.78  0.057 0.0057
4.80  0.059 0.0059
4.82  0.060 0.0060
4.84  0.061 0.0061
4.86  0.061 0.0061
4.88  0.060 0.0060
4.90  0.059 0.0059
4.92  0.059 0.0059
4.94  0.061 0.0061
4.96  0.063 0.0063
4.98  0.065 0.0065
5.00  0.067 0.0067
5.02  0.069 0.0069
5.04  0.073 0.0073
5.06  0.075 0.0075
5.08  0.075 0.0075
5.10  0.078 0.0078
5.12  0.079 0.0079
5.14  0.084 0.0084
5.16  0.090 0.0090
5.18  0.093 0.0093
5.20  0.102 0.0102
5.22  0.115 0.0115
5.24  0.135 0.0135
5.26  0.131 0.0131
5.28  0.122 0.0122
5.30  0.114 0.0114
5.32  0.121 0.0121
5.34  0.119 0.0119
5.36  0.107 0.0107
5.38  0.089 0.0089
5.40  0.084 0.0084
5.42  0.088 0.0088
5.44  0.093 0.0093
5.46  0.095 0.0095
5.48  0.099 0.0099
5.50  0.105 0.0105
5.52  0.111 0.0111
5.54  0.113 0.0113
5.56  0.117 0.0117
5.58  0.125 0.0125
5.60  0.142 0.0142
5.62  0.165 0.0165
5.64  0.184 0.0184
5.66  0.187 0.0187
5.68  0.191 0.0191
5.70  0.195 0.0195
5.72  0.197 0.0197
5.74  0.194 0.0194
5.76  0.188 0.0188
5.78  0.180 0.0180
5.80  0.174 0.0174
5.82  0.174 0.0174
5.84  0.179 0.0179
5.86  0.185 0.0185
5.88  0.188 0.0188
5.90  0.191 0.0191
5.92  0.186 0.0186
5.94  0.194 0.0194
5.96  0.212 0.0212
5.98  0.243 0.0243
6.00  0.273 0.0273
6.02  0.297 0.0297
6.04  0.311 0.0311
6.06  0.317 0.0317
6.08  0.332 0.0332
6.10  0.373 0.0373
6.12  0.452 0.0452
6.14  0.572 0.0572
6.16  0.726 0.0726
6.18  0.894 0.0894
6.20  1.000 0.1000
6.22  1.026 0.1026
6.24  0.969 0.0969
6.26  0.876 0.0876
6.28  0.780 0.0780
6.30  0.690 0.0690
6.32  0.615 0.0615
6.34  0.557 0.0557
6.36  0.514 0.0514
6.38  0.477 0.0477
6.40  0.446 0.0446
6.42  0.419 0.0419
6.44  0.391 0.0391
6.46  0.372 0.0372
6.48  0.357 0.0357
6.50  0.348 0.0348
6.52  0.341 0.0341
6.54  0.338 0.0338
6.56  0.337 0.0337
6.58  0.339 0.0339
6.60  0.347 0.0347
6.62  0.356 0.0356
6.64  0.366 0.0366
6.66  0.369 0.0369
6.68  0.371 0.0371
6.70  0.376 0.0376
6.72  0.377 0.0377
6.74  0.381 0.0381
6.76  0.387 0.0387
6.78  0.386 0.0386
6.80  0.385 0.0385
6.82  0.386 0.0386
6.84  0.393 0.0393
6.86  0.405 0.0405
6.88  0.420 0.0420
6.90  0.439 0.0439
6.92  0.461 0.0461
6.94  0.498 0.0498
6.96  0.568 0.0568
6.98  0.625 0.0625
7.00  0.647 0.0647
7.02  0.577 0.0577
7.04  0.534 0.0534
7.06  0.520 0.0520
7.08  0.524 0.0524
7.10  0.538 0.0538
7.12  0.546 0.0546
7.14  0.553 0.0553
7.16  0.561 0.0561
7.18  0.574 0.0574
7.20  0.588 0.0588
7.22  0.609 0.0609
7.24  0.630 0.0630
7.26  0.653 0.0653
7.28  0.684 0.0684
7.30  0.715 0.0715
7.32  0.754 0.0754
7.34  0.801 0.0801
7.36  0.850 0.0850
7.38  0.910 0.0910
7.40  0.965 0.0965
7.42  1.025 0.1025
7.44  1.101 0.1101
7.46  1.182 0.1182
7.48  1.260 0.1260
7.50  1.341 0.1341
7.52  1.421 0.1421
7.54  1.498 0.1498
7.56  1.562 0.1562
7.58  1.613 0.1613
7.60  1.663 0.1663
7.62  1.678 0.1678
7.64  1.677 0.1677
7.66  1.675 0.1675
7.68  1.664 0.1664
7.70  1.648 0.1648
7.72  1.632 0.1632
7.74  1.624 0.1624
7.76  1.620 0.1620
7.78  1.614 0.1614
7.80  1.602 0.1602
7.82  1.587 0.1587
7.84  1.567 0.1567
7.86  1.527 0.1527
7.88  1.485 0.1485
7.90  1.438 0.1438
7.92  1.380 0.1380
7.94  1.319 0.1319
7.96  1.261 0.1261
7.98  1.207 0.1207
8.00  1.155 0.1155
8.02  1.105 0.1105
8.04  1.060 0.1060
8.06  1.016 0.1016
8.08  0.976 0.0976
8.10  0.943 0.0943
8.12  0.915 0.0915
8.14  0.892 0.0892
8.16  0.877 0.0877
8.18  0.866 0.0866
8.20  0.858 0.0858
8.22  0.854 0.0854
8.24  0.852 0.0852
8.26  0.856 0.0856
8.28  0.861 0.0861
8.30  0.863 0.0863
8.32  0.864 0.0864
8.34  0.863 0.0863
8.36  0.862 0.0862
8.38  0.860 0.0860
8.40  0.864 0.0864
8.42  0.871 0.0871
8.44  0.878 0.0878
8.46  0.892 0.0892
8.48  0.911 0.0911
8.50  0.930 0.0930
8.52  0.945 0.0945
8.54  0.962 0.0962
8.56  0.974 0.0974
8.58  0.976 0.0976
8.60  0.973 0.0973
8.62  0.954 0.0954
8.64  0.924 0.0924
8.66  0.889 0.0889
8.68  0.849 0.0849
8.70  0.804 0.0804
8.72  0.756 0.0756
8.74  0.707 0.0707
8.76  0.657 0.0657
8.78  0.609 0.0609
8.80  0.565 0.0565
8.82  0.527 0.0527
8.84  0.491 0.0491
8.86  0.463 0.0463
8.88  0.436 0.0436
8.90  0.424 0.0424
8.92  0.412 0.0412
8.94  0.397 0.0397
8.96  0.383 0.0383
8.98  0.372 0.0372
9.00  0.360 0.0360
9.02  0.348 0.0348
9.04  0.336 0.0336
9.06  0.323 0.0323
9.08  0.313 0.0313
9.10  0.304 0.0304
9.12  0.296 0.0296
9.14  0.290 0.0290
9.16  0.287 0.0287
9.18  0.283 0.0283
9.20  0.280 0.0280
9.22  0.277 0.0277
9.24  0.275 0.0275
9.26  0.272 0.0272
9.28  0.268 0.0268
9.30  0.264 0.0264
9.32  0.260 0.0260
9.34  0.257 0.0257
9.36  0.253 0.0253
9.38  0.250 0.0250
9.40  0.249 0.0249
9.42  0.249 0.0249
9.44  0.249 0.0249
9.46  0.249 0.0249
9.48  0.247 0.0247
9.50  0.246 0.0246
9.52  0.245 0.0245
9.54  0.245 0.0245
9.56  0.249 0.0249
9.58  0.252 0.0252
9.60  0.256 0.0256
9.62  0.260 0.0260
9.64  0.264 0.0264
9.66  0.268 0.0268
9.68  0.265 0.0265
9.70  0.262 0.0262
9.72  0.255 0.0255
9.74  0.248 0.0248
9.76  0.240 0.0240
9.78  0.234 0.0234
9.80  0.230 0.0230
9.82  0.228 0.0228
9.84  0.227 0.0227
9.86  0.227 0.0227
9.88  0.226 0.0226
9.90  0.225 0.0225
9.92  0.225 0.0225
9.94  0.226 0.0226
9.96  0.227 0.0227
9.98  0.227 0.0227
10.00 0.228 0.0228
10.02 0.229 0.0229
10.04 0.230 0.0230
10.06 0.231 0.0231
10.08 0.232 0.0232
10.10 0.234 0.0234
10.12 0.235 0.0235
10.14 0.235 0.0235
10.16 0.235 0.0235
10.18 0.235 0.0235
10.20 0.236 0.0236
10.22 0.238 0.0238
10.24 0.241 0.0241
10.26 0.243 0.0243
10.28 0.246 0.0246
10.30 0.247 0.0247
10.32 0.249 0.0249
10.34 0.251 0.0251
10.36 0.255 0.0255
10.38 0.261 0.0261
10.40 0.267 0.0267
10.42 0.275 0.0275
10.44 0.285 0.0285
10.46 0.296 0.0296
10.48 0.307 0.0307
10.50 0.319 0.0319
10.52 0.331 0.0331
10.54 0.341 0.0341
10.56 0.351 0.0351
10.58 0.360 0.0360
10.60 0.364 0.0364
10.62 0.366 0.0366
10.64 0.369 0.0369
10.66 0.371 0.0371
10.68 0.373 0.0373
10.70 0.374 0.0374
10.72 0.377 0.0377
10.74 0.380 0.0380
10.76 0.383 0.0383
10.78 0.386 0.0386
10.80 0.388 0.0388
10.82 0.391 0.0391
10.84 0.400 0.0400
10.86 0.410 0.0410
10.88 0.420 0.0420
10.90 0.444 0.0444
10.92 0.470 0.0470
10.94 0.497 0.0497
10.96 0.531 0.0531
10.98 0.565 0.0565
11.00 0.599 0.0599
11.02 0.625 0.0625
11.04 0.655 0.0655
11.06 0.690 0.0690
11.08 0.746 0.0746
11.10 0.829 0.0829
11.12 0.933 0.0933
11.14 1.113 0.1113
11.16 1.298 0.1298
11.18 1.487 0.1487
11.20 1.641 0.1641
11.22 1.769 0.1769
11.24 1.814 0.1814
11.26 1.824 0.1824
11.28 1.770 0.1770
11.30 1.699 0.1699
11.32 1.592 0.1592
11.34 1.485 0.1485
11.36 1.383 0.1383
11.38 1.298 0.1298
11.40 1.212 0.1212
11.42 1.135 0.1135
11.44 1.076 0.1076
11.46 1.017 0.1017
11.48 0.968 0.0968
11.50 0.931 0.0931
11.52 0.894 0.0894
11.54 0.865 0.0865
11.56 0.845 0.0845
11.58 0.824 0.0824
11.60 0.800 0.0800
11.62 0.779 0.0779
11.64 0.758 0.0758
11.66 0.746 0.0746
11.68 0.739 0.0739
11.70 0.736 0.0736
11.72 0.735 0.0735
11.74 0.736 0.0736
11.76 0.738 0.0738
11.78 0.743 0.0743
11.80 0.752 0.0752
11.82 0.763 0.0763
11.84 0.775 0.0775
11.86 0.793 0.0793
11.88 0.811 0.0811
11.90 0.828 0.0828
11.92 0.843 0.0843
11.94 0.856 0.0856
11.96 0.865 0.0865
11.98 0.871 0.0871
12.00 0.875 0.0875
12.02 0.874 0.0874
12.04 0.870 0.0870
12.06 0.866 0.0866
12.08 0.860 0.0860
12.10 0.853 0.0853
12.12 0.849 0.0849
12.14 0.847 0.0847
12.16 0.847 0.0847
12.18 0.853 0.0853
12.20 0.872 0.0872
12.22 0.893 0.0893
12.24 0.914 0.0914
12.26 0.939 0.0939
12.28 0.964 0.0964
12.30 0.981 0.0981
12.32 0.989 0.0989
12.34 0.997 0.0997
12.36 1.006 0.1006
12.38 1.015 0.1015
12.40 1.025 0.1025
12.42 1.039 0.1039
12.44 1.057 0.1057
12.46 1.075 0.1075
12.48 1.097 0.1097
12.50 1.121 0.1121
12.52 1.144 0.1144
12.54 1.170 0.1170
12.56 1.197 0.1197
12.58 1.224 0.1224
12.60 1.250 0.1250
12.62 1.276 0.1276
12.64 1.302 0.1302
12.66 1.338 0.1338
12.68 1.374 0.1374
12.70 1.424 0.1424
12.72 1.563 0.1563
12.74 1.724 0.1724
12.76 1.883 0.1883
12.78 2.061 0.2061
12.80 2.249 0.2249
12.82 2.248 0.2248
12.84 2.049 0.2049
12.86 1.777 0.1777
12.88 1.492 0.1492
12.90 1.200 0.1200
12.92 1.063 0.1063
12.94 0.956 0.0956
12.96 0.911 0.0911
12.98 0.866 0.0866
13.00 0.840 0.0840
13.02 0.828 0.0828
13.04 0.815 0.0815
13.06 0.808 0.0808
13.08 0.804 0.0804
13.10 0.799 0.0799
13.12 0.800 0.0800
13.14 0.803 0.0803
13.16 0.806 0.0806
13.18 0.808 0.0808
13.20 0.810 0.0810
13.22 0.811 0.0811
13.24 0.811 0.0811
13.26 0.810 0.0810
13.28 0.810 0.0810
13.30 0.806 0.0806
13.32 0.802 0.0802
13.34 0.799 0.0799
13.36 0.806 0.0806
13.38 0.814 0.0814
13.40 0.822 0.0822
13.42 0.819 0.0819
13.44 0.815 0.0815
13.46 0.812 0.0812
13.48 0.814 0.0814
13.50 0.817 0.0817
13.52 0.818 0.0818
13.54 0.815 0.0815
13.56 0.811 0.0811
13.58 0.807 0.0807
13.60 0.806 0.0806
13.62 0.803 0.0803
13.64 0.800 0.0800
13.66 0.793 0.0793
13.68 0.786 0.0786
13.70 0.779 0.0779
13.72 0.773 0.0773
13.74 0.767 0.0767
13.76 0.761 0.0761
13.78 0.755 0.0755
13.80 0.749 0.0749
13.82 0.745 0.0745
13.84 0.742 0.0742
13.86 0.741 0.0741
13.88 0.733 0.0733
13.90 0.718 0.0718
13.92 0.718 0.0718
13.94 0.721 0.0721
13.96 0.725 0.0725
13.98 0.728 0.0728
14.00 0.732 0.0732
14.02 0.737 0.0737
14.04 0.742 0.0742
14.06 0.747 0.0747
14.08 0.753 0.0753
14.10 0.759 0.0759
14.12 0.765 0.0765
14.14 0.771 0.0771
14.16 0.778 0.0778
14.18 0.786 0.0786
14.20 0.795 0.0795
14.22 0.804 0.0804
14.24 0.809 0.0809
14.26 0.804 0.0804
14.28 0.799 0.0799
14.30 0.794 0.0794
14.32 0.789 0.0789
14.34 0.785 0.0785
14.36 0.781 0.0781
14.38 0.777 0.0777
14.40 0.773 0.0773
14.42 0.768 0.0768
14.44 0.763 0.0763
14.46 0.759 0.0759
14.48 0.754 0.0754
14.50 0.748 0.0748
14.52 0.742 0.0742
14.54 0.736 0.0736
14.56 0.730 0.0730
14.58 0.730 0.0730
14.60 0.731 0.0731
14.62 0.731 0.0731
14.64 0.732 0.0732
14.66 0.734 0.0734
14.68 0.736 0.0736
14.70 0.738 0.0738
14.72 0.741 0.0741
14.74 0.744 0.0744
14.76 0.747 0.0747
14.78 0.750 0.0750
14.80 0.753 0.0753
14.82 0.752 0.0752
14.84 0.751 0.0751
14.86 0.750 0.0750
14.88 0.748 0.0748
14.90 0.748 0.0748
14.92 0.748 0.0748
14.94 0.748 0.0748
14.96 0.748 0.0748
14.98 0.749 0.0749
15.00 0.751 0.0751
15.02 0.753 0.0753
15.04 0.755 0.0755
15.06 0.756 0.0756
15.08 0.758 0.0758
15.10 0.760 0.0760
15.12 0.763 0.0763
15.14 0.765 0.0765
15.16 0.766 0.0766
15.18 0.768 0.0768
15.20 0.769 0.0769
15.22 0.773 0.0773
15.24 0.777 0.0777
15.26 0.780 0.0780
15.28 0.784 0.0784
15.30 0.785 0.0785
15.32 0.792 0.0792
15.34 0.798 0.0798
15.36 0.805 0.0805
15.38 0.817 0.0817
15.40 0.836 0.0836
15.42 0.855 0.0855
15.44 0.874 0.0874
15.46 0.905 0.0905
15.48 0.944 0.0944
15.50 0.976 0.0976
15.52 1.008 0.1008
15.54 1.022 0.1022
15.56 1.032 0.1032
15.58 1.042 0.1042
15.60 1.052 0.1052
15.62 1.027 0.1027
15.64 1.001 0.1001
15.66 0.975 0.0975
15.68 0.949 0.0949
15.70 0.944 0.0944
15.72 0.930 0.0930
15.74 0.925 0.0925
15.76 0.919 0.0919
15.78 0.920 0.0920
15.80 0.921 0.0921
15.82 0.922 0.0922
15.84 0.923 0.0923
15.86 0.925 0.0925
15.88 0.928 0.0928
15.90 0.931 0.0931
15.92 0.935 0.0935
15.94 0.937 0.0937
15.96 0.939 0.0939
15.98 0.942 0.0942
16.00 0.944 0.0944
16.02 0.946 0.0946
16.04 0.948 0.0948
16.06 0.952 0.0952
16.08 0.956 0.0956
16.10 0.962 0.0962
16.12 0.969 0.0969
16.14 0.978 0.0978
16.16 0.987 0.0987
16.18 0.999 0.0999
16.20 1.011 0.1011
16.22 1.029 0.1029
16.24 1.048 0.1048
16.26 1.068 0.1068
16.28 1.090 0.1090
16.30 1.110 0.1110
16.32 1.129 0.1129
16.34 1.164 0.1164
16.36 1.204 0.1204
16.38 1.245 0.1245
16.40 1.286 0.1286
16.42 1.313 0.1313
16.44 1.331 0.1331
16.46 1.344 0.1344
16.48 1.351 0.1351
16.50 1.342 0.1342
16.52 1.325 0.1325
16.54 1.308 0.1308
16.56 1.291 0.1291
16.58 1.282 0.1282
16.60 1.277 0.1277
16.62 1.273 0.1273
16.64 1.274 0.1274
16.66 1.278 0.1278
16.68 1.285 0.1285
16.70 1.292 0.1292
16.72 1.300 0.1300
16.74 1.307 0.1307
16.76 1.314 0.1314
16.78 1.320 0.1320
16.80 1.326 0.1326
16.82 1.332 0.1332
16.84 1.338 0.1338
16.86 1.343 0.1343
16.88 1.357 0.1357
16.90 1.375 0.1375
16.92 1.397 0.1397
16.94 1.418 0.1418
16.96 1.459 0.1459
16.98 1.512 0.1512
17.00 1.570 0.1570
17.02 1.629 0.1629
17.04 1.651 0.1651
17.06 1.641 0.1641
17.08 1.618 0.1618
17.10 1.594 0.1594
17.12 1.569 0.1569
17.14 1.540 0.1540
17.16 1.510 0.1510
17.18 1.480 0.1480
17.20 1.457 0.1457
17.22 1.450 0.1450
17.24 1.451 0.1451
17.26 1.451 0.1451
17.28 1.452 0.1452
17.30 1.457 0.1457
17.32 1.464 0.1464
17.34 1.471 0.1471
17.36 1.477 0.1477
17.38 1.476 0.1476
17.40 1.468 0.1468
17.42 1.461 0.1461
17.44 1.453 0.1453
17.46 1.436 0.1436
17.48 1.414 0.1414
17.50 1.392 0.1392
17.52 1.370 0.1370
17.54 1.354 0.1354
17.56 1.343 0.1343
17.58 1.331 0.1331
17.60 1.319 0.1319
17.62 1.311 0.1311
17.64 1.309 0.1309
17.66 1.307 0.1307
17.68 1.304 0.1304
17.70 1.307 0.1307
17.72 1.310 0.1310
17.74 1.313 0.1313
17.76 1.319 0.1319
17.78 1.327 0.1327
17.80 1.335 0.1335
17.82 1.344 0.1344
17.84 1.352 0.1352
17.86 1.355 0.1355
17.88 1.354 0.1354
17.90 1.354 0.1354
17.92 1.354 0.1354
17.94 1.347 0.1347
17.96 1.338 0.1338
17.98 1.331 0.1331
18.00 1.324 0.1324
18.02 1.319 0.1319
18.04 1.315 0.1315
18.06 1.311 0.1311
18.08 1.308 0.1308
18.10 1.305 0.1305
18.12 1.303 0.1303
18.14 1.301 0.1301
18.16 1.300 0.1300
18.18 1.300 0.1300
18.20 1.302 0.1302
18.22 1.304 0.1304
18.24 1.307 0.1307
18.26 1.309 0.1309
18.28 1.311 0.1311
18.30 1.314 0.1314
18.32 1.316 0.1316
18.34 1.320 0.1320
18.36 1.325 0.1325
18.38 1.331 0.1331
18.40 1.337 0.1337
18.42 1.342 0.1342
18.44 1.345 0.1345
18.46 1.349 0.1349
18.48 1.352 0.1352
18.50 1.358 0.1358
18.52 1.373 0.1373
18.54 1.387 0.1387
18.56 1.402 0.1402
18.58 1.423 0.1423
18.60 1.476 0.1476
18.62 1.530 0.1530
18.64 1.584 0.1584
18.66 1.638 0.1638
18.68 1.713 0.1713
18.70 1.796 0.1796
18.72 1.880 0.1880
18.74 1.948 0.1948
18.76 1.887 0.1887
18.78 1.787 0.1787
18.80 1.686 0.1686
18.82 1.591 0.1591
18.84 1.543 0.1543
18.86 1.518 0.1518
18.88 1.493 0.1493
18.90 1.470 0.1470
18.92 1.466 0.1466
18.94 1.469 0.1469
18.96 1.473 0.1473
18.98 1.477 0.1477
19.00 1.480 0.1480
19.02 1.480 0.1480
19.04 1.481 0.1481
19.06 1.481 0.1481
19.08 1.482 0.1482
19.10 1.487 0.1487
19.12 1.492 0.1492
19.14 1.498 0.1498
19.16 1.505 0.1505
19.18 1.510 0.1510
19.20 1.514 0.1514
19.22 1.518 0.1518
19.24 1.522 0.1522
19.26 1.525 0.1525
19.28 1.528 0.1528
19.30 1.532 0.1532
19.32 1.534 0.1534
19.34 1.538 0.1538
19.36 1.544 0.1544
19.38 1.550 0.1550
19.40 1.554 0.1554
19.42 1.557 0.1557
